0.000195349748162
0.000351419580469
-0.001190015181721
-0.002326888520610
-0.000598828270755
0.000380180351442
-0.003184543588191
-0.006641362773372
-0.004754808804650
-0.002537998983999
-0.006196479073498
-0.010974960609336
-0.010889243507293
-0.010268814995254
-0.012913320705482
-0.013981957940556
-0.014152838169581
-0.021150704283920
-0.027467948523760
-0.017860376232485
-0.007954044085134
-0.027702107725321
-0.054012144061798
-0.030951969978379
0.016405365989505
-0.011882616792165
-0.107315322695741
-0.091740372379562
0.137481137465341
0.392405256011680
0.392405256011679
0.137481137465340
-0.091740372379563
-0.107315322695741
-0.011882616792164
0.016405365989505
-0.030951969978380
-0.054012144061798
-0.027702107725321
-0.007954044085134
-0.017860376232485
-0.027467948523760
-0.021150704283920
-0.014152838169581
-0.013981957940556
-0.012913320705482
-0.010268814995254
-0.010889243507293
-0.010974960609336
-0.006196479073498
-0.002537998983999
-0.004754808804650
-0.006641362773372
-0.003184543588191
0.000380180351442
-0.000598828270755
-0.002326888520610
-0.001190015181721
0.000351419580469
0.000195349748162
