1.000000000000000
-1.999995983830968
1.000001917205484
1.000000000000000
-1.923941567876059
0.939311298149738
1.000000000000000
-1.995782993447291
0.995788918336187
1.000000000000000
-1.822391006874308
0.837468122663089
1.000000000000000
-2.004221022721747
1.004226964554941
1.000000000000000
-1.761824308327668
0.776981570759114
1.000000000000000
1.996352211740186
0.996356645822838
1.000000000000000
1.409507608238768
0.744145659240529
1.000000000000000
1.999997740916841
1.000002179112730
1.000000000000000
1.134945992284764
0.415138660735866
0.222615414047534
0.446043384895617
0.223428959778416
1.000000000000000
1.003596740890958
0.262468522394824
