1.000000000000000
-2.000010706154538
1.000013190693327
1.000000000000000
-1.988893076147890
0.989330061555419
1.000000000000000
-1.997264614165304
0.997267113092801
1.000000000000000
-1.970381888122474
0.970819347497328
1.000000000000000
-2.002724679680153
1.002727149378691
1.000000000000000
-1.959492636669482
0.959932385441364
1.000000000000000
1.998412640161107
0.998415143259434
1.000000000000000
0.817550695550854
0.637048399746490
1.000000000000000
2.001580405236617
1.001582919349852
1.000000000000000
0.615336452069862
0.241899239927604
0.110842553418212
0.221685877702296
0.110843046236494
1.000000000000000
0.533978603156751
0.086632345445707
